2 0.15430861723446893 0.21601208459214502 0.05611222444889779 0.08157099697885196
2 0.3256513026052104 0.2930513595166163 0.06613226452905811 0.08459214501510574
2 0.48797595190380755 0.3474320241691843 0.06212424849699398 0.054380664652567974
2 0.6422845691382765 0.2598187311178248 0.05410821643286573 0.06646525679758308
2 0.7735470941883766 0.2824773413897281 0.06012024048096192 0.0634441087613293
2 0.8947895791583166 0.33081570996978854 0.058116232464929855 0.06948640483383686
0 0.15430861723446893 0.14501510574018128 0.07615230460921843 0.07854984894259819
0 0.3306613226452906 0.21601208459214502 0.09218436873747494 0.0755287009063444
0 0.48296593186372744 0.2794561933534743 0.07615230460921843 0.08157099697885196
0 0.6382765531062123 0.18882175226586104 0.07014028056112225 0.08157099697885196
0 0.7705410821643286 0.2190332326283988 0.07014028056112225 0.08157099697885196
0 0.8897795591182364 0.270392749244713 0.07615230460921843 0.0755287009063444
3 0.49699398797595185 0.9259818731117825 0.08016032064128256 0.1299093655589124
