0 0.32421875 0.19051094890510947 0.068359375 0.09197080291970802
0 0.20947265625 0.22846715328467151 0.0673828125 0.07153284671532846
3 0.27587890625 0.9189781021897809 0.0400390625 0.11240875912408758
3 0.31591796875 0.8635036496350365 0.0400390625 0.1240875912408759
3 0.1533203125 0.8313868613138685 0.041015625 0.07737226277372262
3 0.20654296875 0.8664233576642335 0.0380859375 0.07445255474452554
3 0.63232421875 0.7678832116788321 0.0419921875 0.12554744525547445
3 0.70068359375 0.7781021897810219 0.0439453125 0.12262773722627736
3 0.8330078125 0.3781021897810219 0.017578125 0.029197080291970802
3 0.861328125 0.3868613138686131 0.01953125 0.0437956204379562
0 0.849609375 0.13722627737226276 0.033203125 0.040875912408759124
0 0.875 0.03065693430656934 0.03125 0.0437956204379562
0 0.71728515625 0.3525547445255474 0.0595703125 0.0656934306569343
0 0.81103515625 0.6416058394160583 0.0400390625 0.04817518248175182
0 0.826171875 0.7080291970802919 0.03125 0.040875912408759124
1 0.20751953125 0.4211678832116788 0.1025390625 0.22919708029197078
1 0.3173828125 0.39562043795620433 0.12109375 0.2744525547445255
1 0.71337890625 0.5007299270072992 0.0888671875 0.19854014598540146
1 0.7939453125 0.7270072992700729 0.05859375 0.13430656934306567
1 0.8486328125 0.20510948905109488 0.046875 0.10656934306569342
1 0.869140625 0.08394160583941605 0.052734375 0.08905109489051094
