0 0.3765625 0.5046838407494145 0.053125000000000006 0.06791569086651054
0 0.49765625 0.4953161592505855 0.0484375 0.0585480093676815
0 0.6140625000000001 0.5210772833723654 0.053125000000000006 0.06323185011709602
0 0.7546875000000001 0.5257611241217799 0.046875 0.06323185011709602
0 0.7921875 0.5327868852459017 0.043750000000000004 0.053864168618266976
0 0.8453125 0.5772833723653396 0.03125 0.06323185011709602
1 0.38828125 0.6545667447306791 0.08281250000000001 0.19437939110070257
1 0.51015625 0.6276346604215457 0.0703125 0.1592505854800937
1 0.6203125 0.6592505854800936 0.07187500000000001 0.18501170960187355
1 0.75390625 0.6346604215456675 0.11093750000000001 0.15456674473067916
1 0.80078125 0.629976580796253 0.029687500000000002 0.12177985948477751
1 0.85078125 0.6545667447306791 0.0890625 0.14754098360655737
