0 0.06217948717948718 0.275 0.06025641025641026 0.06923076923076923
0 0.05384615384615385 0.39230769230769236 0.07948717948717948 0.09615384615384616
0 0.21987179487179487 0.3788461538461539 0.06794871794871794 0.08076923076923077
0 0.258974358974359 0.27403846153846156 0.035897435897435895 0.05576923076923077
0 0.3416666666666667 0.22403846153846155 0.029487179487179487 0.04038461538461539
0 0.3506410256410256 0.2605769230769231 0.03461538461538462 0.04423076923076923
0 0.39807692307692305 0.22019230769230771 0.02435897435897436 0.025
0 0.4564102564102564 0.20384615384615384 0.023076923076923078 0.03461538461538462
0 0.41602564102564105 0.2759615384615385 0.04230769230769231 0.05576923076923077
0 0.4564102564102564 0.2884615384615385 0.04358974358974359 0.04230769230769231
0 0.5352564102564102 0.25384615384615383 0.03205128205128205 0.038461538461538464
0 0.5551282051282052 0.2355769230769231 0.028205128205128206 0.03653846153846154
0 0.6121794871794872 0.22403846153846155 0.026923076923076925 0.04038461538461539
0 0.6333333333333333 0.26346153846153847 0.038461538461538464 0.04230769230769231
0 0.6826923076923077 0.2865384615384616 0.03974358974358974 0.04230769230769231
0 0.7551282051282051 0.3211538461538462 0.035897435897435895 0.046153846153846156
0 0.7891025641025641 0.3201923076923077 0.052564102564102565 0.04807692307692308
0 0.7955128205128205 0.3663461538461539 0.06794871794871794 0.07115384615384615
0 0.9378205128205128 0.3942307692307693 0.05512820512820513 0.07307692307692308
0 0.9801282051282051 0.33653846153846156 0.04487179487179487 0.06153846153846154
0 0.3230769230769231 0.40576923076923077 0.06666666666666667 0.08461538461538462
0 0.38461538461538464 0.39903846153846156 0.06153846153846154 0.07115384615384615
0 0.45 0.33653846153846156 0.05384615384615385 0.06538461538461539
0 0.5217948717948718 0.38653846153846155 0.05897435897435897 0.08076923076923077
0 0.5365384615384615 0.31346153846153846 0.03974358974358974 0.05
0 0.5692307692307692 0.28076923076923077 0.035897435897435895 0.038461538461538464
0 0.573076923076923 0.33942307692307694 0.05128205128205128 0.06346153846153846
0 0.6346153846153846 0.36250000000000004 0.05641025641025641 0.07115384615384615
0 0.6358974358974359 0.30673076923076925 0.04358974358974359 0.04423076923076923
2 0.05641025641025641 0.4605769230769231 0.05641025641025641 0.05961538461538462
2 0.06217948717948718 0.31730769230769235 0.047435897435897434 0.038461538461538464
2 0.225 0.4480769230769231 0.05 0.06153846153846154
2 0.25961538461538464 0.3125 0.03205128205128205 0.032692307692307694
2 0.3243589743589744 0.4798076923076923 0.05897435897435897 0.06346153846153846
2 0.37756410256410255 0.4653846153846154 0.05512820512820513 0.06923076923076923
2 0.4512820512820513 0.3894230769230769 0.04358974358974359 0.051923076923076926
2 0.5166666666666667 0.4461538461538462 0.046153846153846156 0.05384615384615385
2 0.5724358974358974 0.3855769230769231 0.03717948717948718 0.051923076923076926
2 0.6294871794871795 0.4259615384615385 0.04358974358974359 0.05576923076923077
2 0.7955128205128205 0.40961538461538466 0.04230769230769231 0.06538461538461539
2 0.9256410256410257 0.4375 0.03333333333333333 0.051923076923076926
2 0.9794871794871794 0.39519230769230773 0.03076923076923077 0.03653846153846154
2 0.7544871794871795 0.36730769230769234 0.029487179487179487 0.046153846153846156
2 0.683974358974359 0.3298076923076923 0.03461538461538462 0.032692307692307694
2 0.5346153846153846 0.2759615384615385 0.02564102564102564 0.028846153846153848
2 0.5378205128205128 0.34711538461538466 0.02435897435897436 0.028846153846153848
2 0.6121794871794872 0.24807692307692308 0.016666666666666666 0.023076923076923078
2 0.5217948717948718 0.23942307692307693 0.017948717948717947 0.021153846153846155
2 0.45705128205128204 0.22980769230769232 0.019230769230769232 0.025
2 0.34935897435897434 0.29134615384615387 0.021794871794871794 0.028846153846153848
2 0.3955128205128205 0.23846153846153847 0.014102564102564103 0.015384615384615385
2 0.41474358974358977 0.31730769230769235 0.021794871794871794 0.023076923076923078
