1 0.5494444444444444 0.83 0.4722222222222222 0.34
0 0.12333333333333334 0.18727272727272729 0.22666666666666666 0.3090909090909091
0 0.30277777777777776 0.23363636363636364 0.17222222222222222 0.2672727272727273
0 0.59 0.30272727272727273 0.24666666666666667 0.39090909090909093
0 0.8888888888888888 0.1009090909090909 0.1688888888888889 0.19454545454545455
2 0.5966666666666667 0.5227272727272727 0.19333333333333333 0.25636363636363635
2 0.8688888888888889 0.2690909090909091 0.09555555555555556 0.15636363636363637
2 0.5816666666666667 0.3245454545454545 0.6722222222222223 0.045454545454545456
2 0.21555555555555556 0.3718181818181818 0.28888888888888886 0.30363636363636365
2 0.1322222222222222 0.33545454545454545 0.12222222222222222 0.23454545454545456
