0 0.34033203125 0.19765739385065886 0.0966796875 0.11420204978038068
0 0.43603515625 0.212298682284041 0.1240234375 0.14055636896046853
0 0.619140625 0.3279648609077599 0.099609375 0.11127379209370425
0 0.8173828125 0.1376281112737921 0.2421875 0.2635431918008785
0 0.19287109375 0.383601756954612 0.0810546875 0.09956076134699854
2 0.19140625 0.45021961932650073 0.0625 0.06881405563689605
2 0.33935546875 0.32723279648609077 0.0791015625 0.10688140556368961
2 0.42626953125 0.3579795021961933 0.0810546875 0.11859443631039532
2 0.62158203125 0.42972181551976574 0.0771484375 0.10395314787701318
2 0.74365234375 0.294289897510981 0.0361328125 0.15519765739385066
