3 0.88671875 0.7994791666666666 0.0859375 0.18229166666666666
3 0.564453125 0.46875 0.052734375 0.08854166666666666
3 0.09033203125 0.5983072916666666 0.0458984375 0.16536458333333331
3 0.15673828125 0.5690104166666666 0.0673828125 0.15625
3 0.216796875 0.681640625 0.05859375 0.13671875
3 0.26513671875 0.6510416666666666 0.0595703125 0.15104166666666666
0 0.84033203125 0.21158854166666666 0.0849609375 0.09505208333333333
0 0.671875 0.26171875 0.068359375 0.08333333333333333
0 0.22802734375 0.11328125 0.0830078125 0.08072916666666666
0 0.1318359375 0.07096354166666666 0.072265625 0.07421875
