1 0.43310546875 0.37398373983739835 0.0224609375 0.07479674796747968
1 0.4599609375 0.3804878048780488 0.046875 0.08780487804878048
1 0.50048828125 0.3845528455284553 0.0556640625 0.0959349593495935
1 0.529296875 0.4016260162601626 0.0546875 0.0943089430894309
1 0.5576171875 0.383739837398374 0.041015625 0.13333333333333333
1 0.60791015625 0.36829268292682926 0.0693359375 0.14146341463414633
1 0.66552734375 0.4065040650406504 0.0888671875 0.16260162601626016
1 0.77294921875 0.3853658536585366 0.1318359375 0.22113821138211381
1 0.92626953125 0.4658536585365854 0.1455078125 0.3300813008130081
0 0.4501953125 0.31869918699186994 0.041015625 0.04227642276422764
0 0.4921875 0.3097560975609756 0.03515625 0.04715447154471545
0 0.51513671875 0.31626016260162604 0.0244140625 0.03739837398373984
0 0.54736328125 0.34308943089430893 0.0341796875 0.04552845528455285
0 0.56884765625 0.2943089430894309 0.0224609375 0.05203252032520325
0 0.5966796875 0.26260162601626014 0.044921875 0.06016260162601626
0 0.67041015625 0.28292682926829266 0.0595703125 0.06829268292682927
0 0.76806640625 0.2186991869918699 0.0751953125 0.07317073170731707
0 0.9501953125 0.2186991869918699 0.1015625 0.10894308943089431
3 0.4365234375 0.5552845528455285 0.0390625 0.05365853658536585
3 0.45556640625 0.5869918699186992 0.0322265625 0.058536585365853655
3 0.48779296875 0.6170731707317073 0.0419921875 0.06991869918699187
3 0.51220703125 0.6422764227642277 0.0380859375 0.061788617886178863
3 0.548828125 0.6308943089430894 0.03125 0.05203252032520325
3 0.5576171875 0.667479674796748 0.025390625 0.03414634146341464
3 0.56982421875 0.7008130081300813 0.0478515625 0.029268292682926828
3 0.59228515625 0.7170731707317073 0.0595703125 0.08780487804878048
3 0.6376953125 0.7975609756097561 0.0625 0.12845528455284552
3 0.74169921875 0.8861788617886179 0.0966796875 0.17235772357723578
3 0.87158203125 0.9560975609756097 0.0791015625 0.08455284552845528
